1912	0	0
1913	1.0	7.0
1914	1.0	7.0
1915	1.0	7.0
1916	2.0	15.0
1917	2.0	67.0
1918	6.0	77.0
1919	4.0	73.0
1920	4.0	73.0
1921	4.0	73.0
1922	4.0	58.0
1923	4.0	58.0
1924	2.0	46.0
1925	1.5	25.0
1926	1.5	25.0
1927	1.5	25.0
1928	1.5	25.0
1929	1.5	25.0
1930	1.5	25.0
1931	1.5	25.0
1932	4.0	63.0
1933	4.0	63.0
1934	4.0	63.0
1935	4.0	63.0
1936	4.0	79.0
1937	4.0	79.0
1938	4.0	79.0
1939	4.0	79.0
1940	4.0	79.0
1941	10.0	81.0
1942	19.0	88.0
1943	19.0	88.0
1944	23.0	94.0
1945	23.0	94.0
1946	20.0	91.0
1947	20.0	91.0
1948	20.0	91.0
1949	20.0	91.0
1950	20.0	91.0
1951	20.4	91.0
1952	22.2	92.0
1953	22.2	92.0
1954	20.0	91.0
1955	20.0	91.0
1956	20.0	91.0
1957	20.0	91.0
1958	20.0	91.0
1959	20.0	91.0
1960	20.0	91.0
1961	20.0	91.0
1962	20.0	91.0
1963	20.0	91.0
1964	16.0	77.0
1965	14.0	70.0
1966	14.0	70.0
1967	14.0	70.0
1968	14.0	70.0
1969	14.0	70.0
1970	14.0	70.0
1971	14.0	70.0
1972	14.0	70.0
1973	14.0	70.0
1974	14.0	70.0
1975	14.0	70.0
1976	14.0	70.0
1977	0.0		70.0
1978	0.0		70.0
1979	0.0		70.0
1980	0.0		70.0
1981	0.0		70.0
1982	0.0		50.0
1983	0.0		50.0
1984	0.0		50.0
1985	0.0		50.0
1986	0.0		50.0
1987	11.0	38.5
1988	15.0	28.0
1989	15.0	28.0
1990	15.0	28.0
1991	15.0	31.0
1992	15.0	31.0
1993	15.0	31.0
1994	15.0	39.6
1995	15.0	39.6
1996	15.0	39.6
1997	15.0	39.6
1998	15.0	39.6
1999	15.0	39.6
2000	15.0	39.6
2001	15.0	39.1
2002	10.0	38.6
2003	10.0	35.0
2004	10.0	35.0
2005	10.0	35.0
2006	10.0	35.0
2007	10.0	35.0
2008	10.0	35.0
2009	10.0	35.0
2010	10.0	35.0
2011	10.0	35.0
2012	10.0	35.0
2013	10.0	39.6
2014	10.0	39.6
2015	10.0	39.6
2016  10.0  39.6
2017  10.0  39.6
2018  10.0  37.0
2019  10.0  37.0
2020  10.0  37.0
2021  10.0  37.0
2022 10.0 37.0